80064
77691
60306
54056
48409
40262
31264
24458
23092
19751
16643
16135
15714
15404
13558
12858
11803
11592
11348
11242
10682
9305
9170
8909
7472
6516
6053
5767
5531
5315
5045
4841
4237
4236
4212
4165
3830
3648
3464
3287
3464
3343
3287
3251
3050
2981
2895
2825
2789
2728
2678
2645
2625
2580
2551
2533
2491
2472
2407
2347
1823
1782
1736
1651
1587
1559
1558
1496
1487
1487
1456
1449
1427
1373
1348
1313
1310
1279
1271
1234
1590
1587
1579
1560
1559
1552
1513
1496
1493
1487
1487
1456
1449
1427
1405
1373
1348
1313
1310
1271
1271
1254
1236
1234
1205
1201
1193
1170
1154
1120
1117
1117
1108
1098
1083
1073
1065
1063
1055
1044
1037
1032
1011
977
963
949
936
924
913
904
896
890
887
873
860
846
847
837
820
818
